0,0, 1,0, 1,3
0,0, 1,1, 0,3
0,0, 1,0, 0,3
0,0, 1,1, 1,3
0,0, 1,0, 3,0
0,0, 1,1, -1,3
0,0, 1,1, 0,1
0,0, 1,0, -1,-1
0,0, 0,1, 1,2
0,0, 1,-1, 0,1
0,0, 0,1, 0,2
0,0, 1,-1, 2,0
0,0, 1,1, 2,2
0,0, -1,-1, -1,2
0,0, -1,0, 1,2
0,0, 0,1, 0,-1
0,0, 0,-1, 0,2
0,0, 0,1, 2,-2
0,0, -1,1, 2,-2
0,0, -1,1, 1,-2
0,0, 1,0, 2,2
0,0, -1,1, 2,0
0,0, 1,0, 1,1, 0,1, 2,-1
0,0, 1,1, -1,1, 1,-1, -1,2
0,0, 1,0, 1,1, 0,1, 2,2
0,0, 1,1, -1,1, 1,-1, 0,2
0,0, -1,0, 0,-2, -1,1, -2,2
0,0, -1,0, 1,-1, -1,1, -2,2
0,0, -1,0, 2,-1, -1,1, -2,2
0,0, -1,0, 2,0, -1,1, -2,2
0,0, -1,0, 2,1, -1,1, -2,2
0,0, -1,-1, 0,-2, -1,1, -2,2
0,0, -1,-1, 1,-2, -1,1, -2,2
0,0, -1,-1, 1,-1, -1,1, -2,2
0,0, -1,-1, 2,-1, -1,1, -2,2
0,0, 0,-1, 2,-1, -1,1, -2,2
0,0, 0,-1, 0,-2, -1,1, -2,2
0,0, 0,-1, 0,-2, -1,1, -1,2
4,4, 5,3, 6,2, 5,1, 6,0
-7,-5, -7,-6, -6,-5, -6,-6, -5,-4
-8,-6, -7,-6, -8,-5, -6,-4, -6,-5
